Algorithm: PageRank
Damping: 0.85
Vertex ranks:
0 0.001
1 0.0008583333333
2 0.0006765277778
3 0.0005848773148
4 0.0005073981096
5 0.0004594780369
6 0.0004239482415
7 0.0006836374455
8 0.0007070103891
9 0.0007356997569
10 0.0007244831139
11 0.0007074812778
12 0.0006859086881
13 0.0006649124921
14 0.000726429944
15 0.0007445333005
16 0.0007752211837
17 0.0007858673194
18 0.0007927614379
19 0.0007916189429
20 0.0007872996473
21 0.0008031820847
22 0.0008115875925
23 0.0008271640773
24 0.0008369753803
25 0.0008461219204
26 0.0008511696023
27 0.0008539674982
28 0.0008606904358
29 0.0008657695658
30 0.0008735268224
31 0.0008799436677
32 0.000886551183
33 0.000891671595
34 0.0008957872449
35 0.0009003089615
36 0.0009041953021
37 0.0009087754744
38 0.0009129924259
39 0.0009173570736
40 0.0009212393101
41 0.0009247420281
42 0.0009281155849
43 0.0009311649926
44 0.000934282548
45 0.0009372246572
46 0.0009401782123
47 0.0009429486176
48 0.0009455628431
49 0.0009480443296
50 0.0009503521135
51 0.0009525923808
52 0.0009547145929
53 0.0009567874694
54 0.000958761026
55 0.0009606482126
56 0.0009624451776
57 0.0009641428927
58 0.0009657677945
59 0.000967310496
60 0.0009687952986
61 0.0009702122658
62 0.0009715691368
63 0.0009728641978
64 0.0009740965977
65 0.0009752731005
66 0.0009763927217
67 0.0009774639842
68 0.0009784862087
69 0.0009794638101
70 0.0009803973613
71 0.0009812880346
72 0.0009821382407
73 0.0009829487158
74 0.0009837227665
75 0.0009844613458
76 0.0009851669114
77 0.0009858405919
78 0.0009864837357
79 0.0009870977277
80 0.0009876835508
81 0.0009882428127
82 0.0009887765176
83 0.0009892861018
84 0.0009897725766
85 0.0009902370173
86 0.0009906804078
87 0.0009911036099
88 0.000991507602
89 0.00099189319
90 0.0009922612866
91 0.0009926126651
92 0.000992948108
93 0.0009932683347
94 0.0009935740151
95 0.0009938658199
96 0.0009941443574
97 0.0009944102485
98 0.0009946640607
99 0.0009949063523
100 0.0009951376462
101 0.0009953584386
102 0.0009955692082
103 0.0009957704036
104 0.0009959624636
105 0.0009961458003
106 0.0009963208132
107 0.0009964878803
108 0.0009966473627
109 0.0009967996054
110 0.0009969449357
111 0.0009970836685
112 0.0009972161026
113 0.0009973425254
114 0.0009974632101
115 0.000997578418
116 0.0009976883986
117 0.0009977933895
118 0.0009978936183
119 0.0009979893016
120 0.0009980806472
121 0.000998167853
122 0.0009982511083
123 0.0009983305939
124 0.0009984064826
125 0.0009984789393
126 0.0009985481218
127 0.0009986141806
128 0.0009986772597
129 0.0009987374967
130 0.0009987950234
131 0.0009988499657
132 0.0009989024435
133 0.0009989525718
134 0.00099900046
135 0.0009990462132
136 0.000999089932
137 0.0009991317122
138 0.0009991716453
139 0.0009992098181
140 0.0009992463139
141 0.0009992812125
142 0.0009993145903
143 0.0009993465196
144 0.0009993770689
145 0.0009994063033
146 0.0009994342848
147 0.0009994610732
148 0.0009994867254
149 0.0009995112947
150 0.000999534831
151 0.0009995573813
152 0.0009995789906
153 0.0009995997024
154 0.0009996195578
155 0.0009996385943
156 0.0009996568466
157 0.0009996743473
158 0.0009996911278
159 0.0009997072188
160 0.0009997226485
161 0.0009997374424
162 0.0009997516237
163 0.0009997652139
164 0.0009997782347
165 0.000999790707
166 0.0009998026504
167 0.000999814082
168 0.0009998250172
169 0.0009998354705
170 0.0009998454572
171 0.0009998549925
172 0.0009998640908
173 0.0009998727649
174 0.0009998810259
175 0.0009998888848
176 0.0009998963536
177 0.000999903445
178 0.0009999101718
179 0.0009999165451
180 0.0009999225744
181 0.0009999282691
182 0.0009999336404
183 0.000999938701
184 0.0009999434636
185 0.0009999479388
186 0.0009999521354
187 0.0009999560626
188 0.0009999597319
189 0.0009999631564
190 0.0009999663489
191 0.0009999693191
192 0.0009999720751
193 0.000999974626
194 0.0009999769836
195 0.0009999791608
196 0.0009999811689
197 0.0009999830162
198 0.0009999847097
199 0.000999986258
200 0.0009999876722
201 0.0009999889638
202 0.0009999901413
203 0.0009999912109
204 0.0009999921783
205 0.0009999930513
206 0.0009999938393
207 0.0009999945507
208 0.0009999951911
209 0.0009999957648
210 0.0009999962761
211 0.0009999967315
212 0.0009999971378
213 0.0009999975002
214 0.0009999978221
215 0.0009999981059
216 0.0009999983552
217 0.0009999985743
218 0.0009999987677
219 0.000999998938
220 0.0009999990869
221 0.0009999992161
222 0.0009999993278
223 0.0009999994249
224 0.0009999995097
225 0.0009999995833
226 0.0009999996466
227 0.0009999997005
228 0.0009999997465
229 0.0009999997861
230 0.0009999998202
231 0.0009999998494
232 0.000999999874
233 0.0009999998946
234 0.0009999999119
235 0.0009999999268
236 0.0009999999394
237 0.00099999995
238 0.0009999999587
239 0.0009999999659
240 0.0009999999719
241 0.000999999977
242 0.0009999999813
243 0.0009999999848
244 0.0009999999876
245 0.0009999999899
246 0.0009999999918
247 0.0009999999934
248 0.0009999999947
249 0.0009999999958
250 0.0009999999966
251 0.0009999999973
252 0.0009999999978
253 0.0009999999983
254 0.0009999999986
255 0.0009999999989
256 0.0009999999991
257 0.0009999999993
258 0.0009999999995
259 0.0009999999996
260 0.0009999999997
261 0.0009999999997
262 0.0009999999998
263 0.0009999999998
264 0.0009999999999
265 0.0009999999999
266 0.0009999999999
267 0.0009999999999
268 0.001
269 0.001
270 0.001
271 0.001
272 0.001
273 0.001
274 0.001
275 0.001
276 0.001
277 0.001
278 0.001
279 0.001
280 0.001
281 0.001
282 0.001
283 0.001
284 0.001
285 0.001
286 0.001
287 0.001
288 0.001
289 0.001
290 0.001
291 0.001
292 0.001
293 0.001
294 0.001
295 0.001
296 0.001
297 0.001
298 0.001
299 0.001
300 0.001
301 0.001
302 0.001
303 0.001
304 0.001
305 0.001
306 0.001
307 0.001
308 0.001
309 0.001
310 0.001
311 0.001
312 0.001
313 0.001
314 0.001
315 0.001
316 0.001
317 0.001
318 0.001
319 0.001
320 0.001
321 0.001
322 0.001
323 0.001
324 0.001
325 0.001
326 0.001
327 0.001
328 0.001
329 0.001
330 0.001
331 0.001
332 0.001
333 0.001
334 0.001
335 0.001
336 0.001
337 0.001
338 0.001
339 0.001
340 0.001
341 0.001
342 0.001
343 0.001
344 0.001
345 0.001
346 0.001
347 0.001
348 0.001
349 0.001
350 0.001
351 0.001
352 0.001
353 0.001
354 0.001
355 0.001
356 0.001
357 0.001
358 0.001
359 0.001
360 0.001
361 0.001
362 0.001
363 0.001
364 0.001
365 0.001
366 0.001
367 0.001
368 0.001
369 0.001
370 0.001
371 0.001
372 0.001
373 0.001
374 0.001
375 0.001
376 0.001
377 0.001
378 0.001
379 0.001
380 0.001
381 0.001
382 0.001
383 0.001
384 0.001
385 0.001
386 0.001
387 0.001
388 0.001
389 0.001
390 0.001
391 0.001
392 0.001
393 0.001
394 0.001
395 0.001
396 0.001
397 0.001
398 0.001
399 0.001
400 0.001
401 0.001
402 0.001
403 0.001
404 0.001
405 0.001
406 0.001
407 0.001
408 0.001
409 0.001
410 0.001
411 0.001
412 0.001
413 0.001
414 0.001
415 0.001
416 0.001
417 0.001
418 0.001
419 0.001
420 0.001
421 0.001
422 0.001
423 0.001
424 0.001
425 0.001
426 0.001
427 0.001
428 0.001
429 0.001
430 0.001
431 0.001
432 0.001
433 0.001
434 0.001
435 0.001
436 0.001
437 0.001
438 0.001
439 0.001
440 0.001
441 0.001
442 0.001
443 0.001
444 0.001
445 0.001
446 0.001
447 0.001
448 0.001
449 0.001
450 0.001
451 0.001
452 0.001
453 0.001
454 0.001
455 0.001
456 0.001
457 0.001
458 0.001
459 0.001
460 0.001
461 0.001
462 0.001
463 0.001
464 0.001
465 0.001
466 0.001
467 0.001
468 0.001
469 0.001
470 0.001
471 0.001
472 0.001
473 0.001
474 0.001
475 0.001
476 0.001
477 0.001
478 0.001
479 0.001
480 0.001
481 0.001
482 0.001
483 0.001
484 0.001
485 0.001
486 0.001
487 0.001
488 0.001
489 0.001
490 0.001
491 0.001
492 0.001
493 0.001
494 0.001
495 0.001
496 0.001
497 0.001
498 0.001
499 0.001
500 0.001
501 0.001141666667
502 0.001343541667
503 0.001489546875
504 0.001637395964
505 0.00176228404
506 0.001878197335
507 0.001697204584
508 0.001669545816
509 0.00158086892
510 0.001531426263
511 0.001472725453
512 0.001426764479
513 0.001382283221
514 0.001343845272
515 0.00130860461
516 0.0012772912
517 0.001249005719
518 0.001223676191
519 0.001200889812
520 0.001180440551
521 0.001162065404
522 0.001145565031
523 0.001130742935
524 0.001117430885
525 0.001105473874
526 0.001094734523
527 0.001085088568
528 0.001076424814
529 0.001068643187
530 0.0010616539
531 0.001055376262
532 0.001049737819
533 0.001044673485
534 0.001040124804
535 0.001036039273
536 0.001032369733
537 0.001029073827
538 0.001026113513
539 0.00102345462
540 0.001021066456
541 0.001018921457
542 0.001016994863
543 0.001015264436
544 0.001013710202
545 0.001012314221
546 0.00101106038
547 0.001009934206
548 0.001008922699
549 0.001008014184
550 0.001007198175
551 0.001006465253
552 0.001005806957
553 0.001005215689
554 0.001004684625
555 0.001004207633
556 0.00100377921
557 0.001003394408
558 0.001003048788
559 0.001002738358
560 0.001002459537
561 0.001002209105
562 0.001001984173
563 0.001001782142
564 0.001001600679
565 0.001001437684
566 0.001001291262
567 0.001001159689
568 0.001001041377
569 0.001000934831
570 0.001000838596
571 0.001000751221
572 0.001000671236
573 0.001000597172
574 0.001000527649
575 0.00100046151
576 0.001000397993
577 0.001000336869
578 0.001000278506
579 0.001000223791
580 0.001000173926
581 0.001000130124
582 0.001000093299
583 0.00100006384
584 0.00100004152
585 0.001000025568
586 0.001000014853
587 0.00100000811
588 0.001000004147
589 0.001000001978
590 0.001000000877
591 0.00100000036
592 0.001000000136
593 0.001000000047
594 0.001000000015
595 0.001000000004
596 0.001000000001
597 0.001
598 0.001
599 0.001
600 0.001
601 0.001
602 0.001
603 0.001
604 0.001
605 0.001
606 0.001
607 0.001
608 0.001
609 0.001
610 0.001
611 0.001
612 0.001
613 0.001
614 0.001
615 0.001
616 0.001
617 0.001
618 0.001
619 0.001
620 0.001
621 0.001
622 0.001
623 0.001
624 0.001
625 0.001
626 0.001
627 0.001
628 0.001
629 0.001
630 0.001
631 0.001
632 0.001
633 0.001
634 0.001
635 0.001
636 0.001
637 0.001
638 0.001
639 0.001
640 0.001
641 0.001
642 0.001
643 0.001
644 0.001
645 0.001
646 0.001
647 0.001
648 0.001
649 0.001
650 0.001
651 0.001
652 0.001
653 0.001
654 0.001
655 0.001
656 0.001
657 0.001
658 0.001
659 0.001
660 0.001
661 0.001
662 0.001
663 0.001
664 0.001
665 0.001
666 0.001
667 0.001
668 0.001
669 0.001
670 0.001
671 0.001
672 0.001
673 0.001
674 0.001
675 0.001
676 0.001
677 0.001
678 0.001
679 0.001
680 0.001
681 0.001
682 0.001
683 0.001
684 0.001
685 0.001
686 0.001
687 0.001
688 0.001
689 0.001
690 0.001
691 0.001
692 0.001
693 0.001
694 0.001
695 0.001
696 0.001
697 0.001
698 0.001
699 0.001
700 0.001
701 0.001
702 0.001
703 0.001
704 0.001
705 0.001
706 0.001
707 0.001
708 0.001
709 0.001
710 0.001
711 0.001
712 0.001
713 0.001
714 0.001
715 0.001
716 0.001
717 0.001
718 0.001
719 0.001
720 0.001
721 0.001
722 0.001
723 0.001
724 0.001
725 0.001
726 0.001
727 0.001
728 0.001
729 0.001
730 0.001
731 0.001
732 0.001
733 0.001
734 0.001
735 0.001
736 0.001
737 0.001
738 0.001
739 0.001
740 0.001
741 0.001
742 0.001
743 0.001
744 0.001
745 0.001
746 0.001
747 0.001
748 0.001
749 0.001
750 0.001
751 0.001
752 0.001
753 0.001
754 0.001
755 0.001
756 0.001
757 0.001
758 0.001
759 0.001
760 0.001
761 0.001
762 0.001
763 0.001
764 0.001
765 0.001
766 0.001
767 0.001
768 0.001
769 0.001
770 0.001
771 0.001
772 0.001
773 0.001
774 0.001
775 0.001
776 0.001
777 0.001
778 0.001
779 0.001
780 0.001
781 0.001
782 0.001
783 0.001
784 0.001
785 0.001
786 0.001
787 0.001
788 0.001
789 0.001
790 0.001
791 0.001
792 0.001
793 0.001
794 0.001
795 0.001
796 0.001
797 0.001
798 0.001
799 0.001
800 0.001
801 0.001
802 0.001
803 0.001
804 0.001
805 0.001
806 0.001
807 0.001
808 0.001
809 0.001
810 0.001
811 0.001
812 0.001
813 0.001
814 0.001
815 0.001
816 0.001
817 0.001
818 0.001
819 0.001
820 0.001
821 0.001
822 0.001
823 0.001
824 0.001
825 0.001
826 0.001
827 0.001
828 0.001
829 0.001
830 0.001
831 0.001
832 0.001
833 0.001
834 0.001
835 0.001
836 0.001
837 0.001
838 0.001
839 0.001
840 0.001
841 0.001
842 0.001
843 0.001
844 0.001
845 0.001
846 0.001
847 0.001
848 0.001
849 0.001
850 0.001
851 0.001
852 0.001
853 0.001
854 0.001
855 0.001
856 0.001
857 0.001
858 0.001
859 0.001
860 0.001
861 0.001
862 0.001
863 0.001
864 0.001
865 0.001
866 0.001
867 0.001
868 0.001
869 0.001
870 0.001
871 0.001
872 0.001
873 0.001
874 0.001
875 0.001
876 0.001
877 0.001
878 0.001
879 0.001
880 0.001
881 0.001
882 0.001
883 0.001
884 0.001
885 0.001
886 0.001
887 0.001
888 0.001
889 0.001
890 0.001
891 0.001
892 0.001
893 0.001
894 0.001
895 0.001
896 0.001
897 0.001
898 0.001
899 0.001
900 0.001
901 0.001
902 0.001
903 0.001
904 0.001
905 0.001
906 0.001
907 0.001
908 0.001
909 0.001
910 0.001
911 0.001
912 0.001
913 0.001
914 0.001
915 0.001
916 0.001
917 0.001
918 0.001
919 0.001
920 0.001
921 0.001
922 0.001
923 0.001
924 0.001
925 0.001
926 0.001
927 0.001
928 0.001
929 0.001
930 0.001
931 0.001
932 0.001
933 0.001
934 0.001
935 0.001
936 0.001
937 0.001
938 0.001
939 0.001
940 0.001
941 0.001
942 0.001
943 0.001
944 0.001
945 0.001
946 0.001
947 0.001
948 0.001
949 0.001
950 0.001
951 0.001
952 0.001
953 0.001
954 0.001
955 0.001
956 0.001
957 0.001
958 0.001
959 0.001
960 0.001
961 0.001
962 0.001
963 0.001
964 0.001
965 0.001
966 0.001
967 0.001
968 0.001
969 0.001
970 0.001
971 0.001
972 0.001
973 0.001
974 0.001
975 0.001
976 0.001
977 0.001
978 0.001
979 0.001
980 0.001
981 0.001
982 0.001
983 0.001
984 0.001
985 0.001
986 0.001
987 0.001
988 0.001
989 0.001
990 0.001
991 0.001
992 0.001
993 0.001
994 0.001
995 0.001
996 0.001
997 0.001
998 0.001
999 0.001
Sum of ranks: 1.000000
Iterations: 51
Converged: true
Top vertex: 506
Execution time: 0.220873 ms
